99
2525 1
2400 5
300 2
120 60
60 90
1000000000 2
999999997 2
999999996 3
837309674 1
615598075 3407
304462676 1
121905002 5765
772310253 1
515869422 2096
780832159 1
595639583 9925
739361482 1
111967389 2693
509025849 1
153248634 8286
740544671 1
225573546 9068
391602792 1
84437149 9556
641166648 1
624706336 7410
1000000000 1
999999999 10000
317627419 1
110542272 4953
811480827 1
711147632 4029
446030765 1
325909951 388
1000000000 2
999000000 10000
998000000 10000
221843695 1
34009737 8415
308913260 1
197399139 8826
996570648 1
133376396 9719
403071890 1
20602257 4923
90231181 1
9991863 3838
523658342 1
495435628 8470
293451687 1
24174895 5402
113002369 1
66731061 7833
948043396 1
210400130 1213
315306083 1
103495993 152
1000000000 2
999999998 2
999999997 3
835748199 1
241389765 634
966990001 1
744474144 2809
1000000000 2
12345675 3
12345676 2
378757219 1
299309869 7362
324383408 1
316460752 8471
380867218 1
177067787 4509
966559100 1
735333854 4166
696075011 1
560316792 224
1000000000 1
1 1
708748310 1
11417947 840
629965557 1
301513656 301
707770951 1
239950658 9141
127370208 1
111849792 9884
486535675 1
415747503 1519
1000000000 2
200 10000
100 10000
308268291 1
253691234 8657
371402907 1
358248762 2612
521202878 1
62095702 1455
757448611 1
638332021 7501
239240198 1
31192799 8205
200000 2
5000 8
5001 1
354572096 1
166939050 8660
292426564 1
229860885 4543
41765611 1
20953456 9902
852712886 2
578807776 6344
178927008 5261
950808017 1
546366016 2821
268976682 1
177638313 5017
712775525 1
532900198 6437
369714026 1
273996049 9038
812885107 1
46551470 375
826009811 1
95174847 3117
699043559 1
342782544 8922
362370316 1
287967043 9527
551157227 1
331314009 511
702999837 1
388220617 7897
334399781 1
237448604 948
1000000000 1
999999999 1
295963970 1
95280053 8387
417761711 1
14135902 6059
2 1
1 1
125554156 2
64016456 3092
82066610 2903
2 1
1 10000
908135943 1
855847097 3836
428049751 1
195310272 9787
107553657 1
50966551 2541
581822478 1
42699350 9504
975697786 1
75346786 3620
188947815 1
6519532 7143
289643560 1
96729096 4884
1000000000 2
1 3
2 2
294790401 1
79612554 8276
300542132 1
70140238 5321
659293154 1
47710783 8449
91316486 1
56634451 4147
195533484 1
146613689 6130
362834063 1
156172009 9783
225906108 1
22490024 2824
1000000000 2
999999998 3
999999999 2
879570491 1
461754928 8932
938521318 1
74624632 6083
403308353 1
200209363 7993
814671527 1
730237642 4766
936945127 1
914107074 8509
808682726 1
135816851 4193
22437631 1
10044483 8266
698505442 1
38194485 8213
1000000000 1
1 10000
632374165 1
534664445 3335
742296580 1
80887550 1103
1000000000 2
998000000 1
999000000 1
774252178 1
556186626 4371
